"","FireID","FireDayActual.x","weather_date","FIRENUMBER","FIRE_NUMBE","FIRE_CLASS","BURNCODE","BURN_CLASS","HECTARES_U","YEAR","ALIAS","TIME","PROGRESS","FireDay","Held_Perimeter","Daily_Held_Perim","Area_ha","Daily_Area","Held_River","perc_river","Held_Road","perc_road","Timber","PreviousFire","X","X.1","X.2","X.3","RH_max","temp_max","wind_max","agric_wind_max","FireDayActual.y","Crew","Helicopter","Air","Engine","Dozer","Daily_Held_noneg"
"1","HWF246",1,2017-08-12,"HWF-246-2017","HWF246","D","B",5,81.7,2017,"Moose Lake Complex Fire",1000,201708121000,1,1024.279759,1024.279759,71.11032,71.11032,0,0,0,0,1,0,NA,NA,NA,NA,81,32.8,32,31.8,1,2,1,1,3,2,1024.279759
"2","HWF246",3,2017-08-14,"HWF-246-2017","HWF246","E","B",5,220.8,2017,"Moose Lake Complex Fire",1407,201708141407,2,4739.061331,3714.781571,199.915604,128.805284,0,0,0,0,1,0,NA,NA,NA,NA,100,21.1,-Inf,15.8,3,4,1,1,3,2,3714.781571
"3","HWF246",4,2017-08-15,"HWF-246-2017","HWF246","E","B",5,337.7,2017,"Moose Lake Complex Fire",1154,201708151154,3,8806.353838,4067.292507,232.725951,32.810347,0,0,0,0,1,0,NA,NA,NA,NA,100,20.8,22,21.8,4,5,3,2,2,1,4067.292507
"4","HWF246",11,2017-08-22,"HWF-246-2017","HWF246","E","B",5,255.3,2017,"Moose Lake Complex Fire",824,201708220824,4,6557.09206,-2249.261778,226.44539,-6.280561,0,0,0,0,1,0,NA,NA,NA,NA,99,26.1,-Inf,17,11,5,1,1,3,2,1
"5","HWF252",1,2017-08-14,"HWF-252-2017","HWF252","E","B",5,570.3,2017,"",1415,201708141415,1,2941.33,2941.33,564.08,564.08,3013.79,100,0,0,0,0,NA,NA,NA,NA,98,22.8,20,25.3,1,4,1,1,3,1,2941.33
"6","HWF252",3,2017-08-16,"HWF-252-2017","HWF252","E","B",5,950.6,2017,"",1608,201708161608,2,12760.09,9818.76,920.73,356.66,6209.29,48.66183832,0,0,0,0,NA,NA,NA,NA,73,21.3,35,34.5,3,5,2,2,4,2,9818.76
"7","HWF252",11,2017-08-24,"HWF-252-2017","HWF252","E","B",5,1963.4,2017,"",1935,201708241935,3,33053.61,20293.52,1740.63,819.9,17331.23,52.43371929,0,0,0,0,NA,NA,NA,NA,100,21.6,-Inf,24.5,11,6,1,2,5,2,20293.52
"8","HWF221",1,2017-08-06,"HWF-221-2017","HWF221","E","B",5,947.2,2017,"Moose Lake Complex Fire",1010,201708061010,1,4705.056,4705.056,903.357161,903.357,0,0,0,0,1,0.041174157,NA,NA,NA,NA,98,19.6,17,18.4,1,1,1,2,3,3,4705.056
"9","HWF221",8,2017-08-13,"HWF-221-2017","HWF221","E","B",5,3199.3,2017,"Moose Lake Complex Fire",1930,201708131930,2,12882.769,8177.713,2606.581949,1703.225,0,0,0,0,1,0.041174157,NA,NA,NA,NA,77,34.4,32,31.9,8,3,1,3,2,4,8177.713
"10","HWF221",10,2017-08-15,"HWF-221-2017","HWF221","E","B",5,3364.4,2017,"Moose Lake Complex Fire",1934,201708151934,3,17117.334,4234.566,3097.558895,490.977,0,0,0,0,1,0.041174157,NA,NA,NA,NA,100,20.8,22,21.8,10,5,4,1,2,2,4234.566
"11","HWF221",14,2017-08-19,"HWF-221-2017","HWF221","E","B",5,4688.5,2017,"Moose Lake Complex Fire",1114,201708191114,4,31237.995,14120.661,4318.315678,1220.757,0,0,0,0,1,0.041174157,NA,NA,NA,NA,90,16.1,32,31.5,14,7,3,1,1,1,14120.661
"12","HWF221",16,2017-08-21,"HWF-221-2017","HWF221","E","B",5,4788.9,2017,"Moose Lake Complex Fire",1041,201708211041,5,32117.244,879.248,4406.758462,88.443,0,0,0,0,1,0.041174157,NA,NA,NA,NA,94,24.7,32,31.6,16,5,1,1,1,2,879.248
"13","HWF221",18,2017-08-23,"HWF-221-2017","HWF221","E","B",5,4994.8,2017,"Moose Lake Complex Fire",1954,201708231954,6,37403.888,5286.644,4498.752108,91.994,0,0,0,0,1,0.041174157,NA,NA,NA,NA,94,31.2,29,29,18,4,1,2,2,2,5286.644
"14","HWF236",1,2017-08-10,"HWF-236-2017","HWF236","C","B",5,20.1,2017,"",1455,201708101455,1,2487.8181,2487.8181,16.214229,16.2142,0,0,0,0,1,0,NA,NA,NA,NA,100,30.9,-Inf,16,1,2,1,1,2,1,2487.8181
"15","HWF236",4,2017-08-13,"HWF-236-2017","HWF236","C","B",5,38.9,2017,"",1300,201708131300,2,5658.7987,3170.9806,25.944701,9.7305,0,0,0,0,1,0,NA,NA,NA,NA,77,34.4,32,31.9,4,2,1,2,4,2,3170.9806
"16","HWF280",1,2017-09-06,"HWF-280-2017","HWF280","E","B",5,409.6,2017,"",1215,201709061215,1,1172.6845,1172.6845,406.645773,406.6458,1613.37971,100,0,0,1,0.002088627,NA,NA,NA,NA,94,29.9,-Inf,23.1,1,1,1,2,1,1,1172.6845
"17","HWF280",3,2017-09-08,"HWF-280-2017","HWF280","E","B",5,6445.1,2017,"",1600,201709081600,2,15750.7972,14578.1127,6361.812941,5955.1672,9243.985996,58.68900391,0,0,1,0.002088627,NA,NA,NA,NA,86,21.5,31,30.9,3,1,1,1,2,1,14578.1127
"18","SWF107",1,2017-08-14,"SWF-107-2017","SWF107","E","B",5,5118.3,2017,"Muskrat Lake Fire",1300,201708141300,2,32194.304,32194.304,4838.147939,4838.148,6282.833006,19.5153558,0,0,1,0.001448951,NA,NA,NA,NA,98,19.1,-Inf,16.09,1,3,1,2,2,2,32194.304
"19","SWF107",7,2017-08-20,"SWF-107-2017","SWF107","E","B",5,7565.4,2017,"Muskrat Lake Fire",1400,201708201400,3,62633.977,30439.673,7145.340307,2307.192,13539.22983,21.61643005,0,0,1,0.001448951,NA,NA,NA,NA,95,19.6,26,26.39,7,4,2,1,1,2,30439.673
"20","SWF107",22,2017-09-04,"SWF-107-2017","SWF107","E","B",5,8648.7,2017,"Muskrat Lake Fire",1200,201709041200,4,71109.241,8475.264,8173.057958,1027.718,17374.66108,24.43375961,0,0,1,0.001448951,NA,NA,NA,NA,98,19.6,-Inf,16.02,22,3,1,1,1,1,8475.264
